beta_0 = 2.179193339328825, beta_1 = 2.3574629825634665
beta_0 = 2.202942030172639, beta_1 = 2.4893493678598344
mnk distance = 4.322923207929201, mnm distance = 10.417420296800719
beta_0 = 2.3220504821859675, beta_1 = 0.928891553992038
beta_0 = 2.2190569301357446, beta_1 = 2.2502149468316697
mnk distance = 31.441450818820016, mnm distance = 6.19400845066416
